trace no: 1
1(9.41, 23.09)  2(9.5, 21.8)  3(9.59, 20.52)  4(9.68, 19.24)  5(9.77, 17.95)  6(9.86, 16.67)  7(9.94, 15.39)  8(9.74, 14.34)  9(8.57, 14.08)  10(7.41, 13.83)  11(6.24, 13.57)  12(5.07, 13.31)  13(3.9, 13.06)  14(2.73, 12.8)  15(1.56, 12.54)  16(0.74, 12.17)  17(1.62, 11.23)  18(2.77, 12.14)  19(3.99, 13.52)  20(5.22, 14.9)  21(6.44, 16.27)  22(7.66, 17.65)  23(8.88, 19.03)  24(9.32, 18.74)  25(9.54, 17.99)  26(9.77, 17.24)  27(9.99, 16.49)  28(10.21, 15.74)  29(10.43, 14.99)  30(10.65, 14.23)  trace no: 2
1(12.39, 15.9)  2(11.44, 17.46)  3(10.5, 19.02)  4(9.37, 19.94)  5(8.22, 20.81)  6(7.08, 21.69)  7(5.93, 22.57)  8(6, 22.16)  9(6.33, 21.48)  10(6.66, 20.8)  11(6.99, 20.12)  12(7.32, 19.44)  13(7.64, 18.76)  14(7.97, 18.08)  15(8.3, 17.4)  16(8.63, 16.72)  17(8.96, 16.04)  18(9.28, 15.36)  19(9.61, 14.67)  20(9.94, 13.99)  21(10.27, 13.31)  22(10.6, 12.63)  23(10.92, 11.95)  24(11.25, 11.27)  25(11.58, 10.59)  26(11.91, 9.91)  27(12.24, 9.23)  28(12.56, 8.55)  29(12.89, 7.87)  30(13.22, 7.19)  trace no: 3
1(8.69, 6.24)  2(8.16, 6.19)  3(7.63, 6.15)  4(7.1, 6.11)  5(6.57, 6.06)  6(6.04, 6.02)  7(5.51, 5.98)  8(4.99, 5.93)  9(4.46, 5.89)  10(4, 5.9)  11(5.31, 7.29)  12(6.63, 8.69)  13(7.94, 10.08)  14(9.26, 11.47)  15(10.57, 12.86)  16(11.89, 14.25)  17(13.2, 15.65)  18(14.12, 16.6)  19(13.49, 15.8)  20(12.86, 15)  21(12.23, 14.2)  22(11.6, 13.4)  23(10.97, 12.6)  24(10.81, 11.93)  25(10.82, 11.31)  26(10.83, 10.68)  27(10.84, 10.06)  28(10.86, 9.43)  29(10.87, 8.81)  30(10.88, 8.18)  trace no: 4
1(15.97, 12.96)  2(15.34, 12.7)  3(14.72, 12.43)  4(14.09, 12.16)  5(13.46, 11.89)  6(12.83, 11.62)  7(12.21, 11.36)  8(11.58, 11.09)  9(10.95, 10.82)  10(10.33, 10.55)  11(9.7, 10.28)  12(9.07, 10.02)  13(8.45, 9.75)  14(8.54, 10.39)  15(8.72, 11.14)  16(8.9, 11.89)  17(9.09, 12.64)  18(9.27, 13.39)  19(9.45, 14.14)  20(9.49, 15.17)  21(9.35, 16.54)  22(9.21, 17.91)  23(9.08, 19.28)  24(8.94, 20.65)  25(8.8, 22.03)  26(8.67, 23.4)  27(8.69, 23.46)  28(8.77, 23.1)  29(8.84, 22.73)  30(8.92, 22.36)  trace no: 5
1(0.5, 16.71)  2(1.43, 15.12)  3(2.36, 13.52)  4(3.29, 11.93)  5(4.22, 10.33)  6(5.05, 8.31)  7(5.88, 6.29)  8(6.7, 4.39)  9(7.13, 5.05)  10(7.56, 5.71)  11(7.99, 6.37)  12(8.43, 7.03)  13(8.86, 7.69)  14(9.29, 8.35)  15(9.64, 9)  16(8.55, 9.64)  17(7.47, 10.27)  18(6.39, 10.91)  19(5.31, 11.55)  20(4.23, 12.18)  21(4.24, 11.78)  22(5.59, 10.09)  23(6.94, 8.4)  24(8.29, 6.71)  25(9.64, 5.02)  26(11, 3.33)  27(12.27, 1.75)  28(11.14, 3.49)  29(10.28, 4.71)  30(9.42, 5.93)  trace no: 6
1(8.63, 1.42)  2(8, 2.88)  3(7.37, 4.35)  4(6.75, 5.81)  5(6.12, 7.27)  6(5.5, 8.74)  7(4.87, 10.2)  8(5.45, 10.77)  9(6.71, 10.84)  10(7.97, 10.91)  11(9.24, 10.97)  12(10.5, 11.04)  13(11.76, 11.11)  14(13.02, 11.18)  15(14.28, 11.24)  16(12.88, 11.24)  17(11.34, 11.39)  18(9.98, 11.61)  19(8.63, 11.82)  20(7.69, 11.81)  21(7.52, 11.39)  22(7.36, 10.98)  23(7.19, 10.56)  24(7.02, 10.14)  25(6.86, 9.73)  26(6.69, 9.31)  27(6.53, 8.89)  28(6.36, 8.48)  29(6.2, 8.06)  30(6.03, 7.64)  trace no: 7
1(14.77, 7.92)  2(14.68, 8.29)  3(14.59, 8.65)  4(14.5, 9.02)  5(14.4, 9.39)  6(14.31, 9.75)  7(14.22, 10.12)  8(14.13, 10.48)  9(14.03, 10.85)  10(13.94, 11.21)  11(13.85, 11.58)  12(13.76, 11.94)  13(13.66, 12.31)  14(13.57, 12.67)  15(13.48, 13.04)  16(13.38, 13.4)  17(13.29, 13.77)  18(13.2, 14.13)  19(13.11, 14.5)  20(13.01, 14.86)  21(12.92, 15.23)  22(12.83, 15.59)  23(12.74, 15.96)  24(12.64, 16.32)  25(12.55, 16.69)  26(12.46, 17.05)  27(12.37, 17.42)  28(12.27, 17.78)  29(12.18, 18.15)  30(12.09, 18.51)  trace no: 8
1(3.81, 2.73)  2(6, 2.77)  3(8.18, 2.8)  4(10.36, 2.84)  5(12.55, 2.87)  6(14.53, 2.95)  7(14.61, 3.41)  8(14.7, 3.87)  9(14.78, 4.33)  10(14.86, 4.8)  11(14.9, 5.31)  12(14.33, 6.51)  13(13.75, 7.71)  14(13.18, 8.92)  15(12.6, 10.12)  16(12.03, 11.32)  17(11.46, 12.52)  18(10.88, 13.73)  19(10.31, 14.93)  20(9.74, 16.13)  21(9.16, 17.34)  22(8.59, 18.54)  23(8.01, 19.74)  24(7.82, 19.61)  25(7.75, 19.04)  26(7.67, 18.47)  27(7.6, 17.9)  28(7.53, 17.33)  29(7.46, 16.75)  30(7.39, 16.18)  trace no: 9
1(5.16, 5.48)  2(6.87, 5.97)  3(8.58, 6.46)  4(10.29, 6.94)  5(11.83, 7.54)  6(11.48, 9.38)  7(11.12, 11.22)  8(10.61, 12.65)  9(9.32, 12.11)  10(8.52, 11.67)  11(9.05, 11.49)  12(9.58, 11.31)  13(10.11, 11.14)  14(10.64, 10.96)  15(11.17, 10.79)  16(11.7, 10.61)  17(12.23, 10.44)  18(12.76, 10.26)  19(13.29, 10.09)  20(13.81, 9.91)  21(14.34, 9.74)  22(14.87, 9.56)  23(15.4, 9.39)  24(14.17, 10.18)  25(12.34, 11.31)  26(10.51, 12.43)  27(8.68, 13.55)  28(6.86, 14.68)  29(5.03, 15.8)  30(4.62, 15.86)  trace no: 10
1(10.82, 1.59)  2(10.59, 2.2)  3(10.36, 2.81)  4(10.12, 3.41)  5(9.89, 4.02)  6(9.66, 4.63)  7(9.42, 5.24)  8(9.19, 5.85)  9(8.96, 6.46)  10(8.73, 7.07)  11(8.49, 7.67)  12(8.26, 8.28)  13(8.03, 8.89)  14(7.79, 9.5)  15(7.56, 10.11)  16(7.33, 10.72)  17(7.09, 11.33)  18(7.01, 11.54)  19(7.2, 11.01)  20(7.4, 10.48)  21(7.59, 9.95)  22(7.78, 9.42)  23(7.98, 8.9)  24(8.17, 8.37)  25(8.36, 7.84)  26(8.56, 7.31)  27(8.75, 6.78)  28(8.94, 6.25)  29(9.14, 5.72)  30(9.33, 5.19)  trace no: 11
1(4.57, 6.76)  2(4.69, 7.59)  3(4.8, 8.42)  4(4.91, 9.25)  5(5.02, 10.08)  6(5.14, 10.91)  7(5.25, 11.74)  8(5.36, 12.57)  9(5.48, 13.4)  10(5.59, 14.23)  11(5.7, 15.06)  12(5.82, 15.89)  13(5.93, 16.72)  14(6.04, 17.55)  15(6.16, 18.37)  16(6.27, 19.2)  17(7, 19.31)  18(8.09, 19)  19(9.17, 18.69)  20(10.26, 18.37)  21(11.35, 18.06)  22(12.44, 17.75)  23(13.53, 17.44)  24(14.61, 17.12)  25(13.39, 15.75)  26(12.02, 14.32)  27(10.64, 12.88)  28(9.27, 11.44)  29(7.9, 10.01)  30(6.52, 8.57)  trace no: 12
1(14.61, 10.66)  2(14.6, 11.41)  3(14.58, 12.16)  4(14.57, 12.91)  5(14.56, 13.66)  6(14.55, 14.4)  7(13.94, 13.28)  8(13.05, 11.27)  9(12.16, 9.26)  10(11.27, 7.25)  11(10.38, 5.24)  12(9.49, 3.23)  13(8.63, 1.34)  14(8.46, 2.88)  15(8.29, 4.42)  16(8.13, 5.96)  17(7.96, 7.5)  18(7.8, 9.03)  19(7.63, 10.57)  20(7.46, 12.11)  21(7.46, 13.04)  22(7.78, 12.69)  23(8.1, 12.35)  24(8.42, 12)  25(8.74, 11.66)  26(9.06, 11.31)  27(9.39, 10.97)  28(9.71, 10.62)  29(10.03, 10.27)  30(10.35, 9.93)  trace no: 13
1(12.55, 14.48)  2(12.25, 16.68)  3(11.95, 18.88)  4(11.66, 21.08)  5(11.31, 22.52)  6(10.85, 21.83)  7(10.38, 21.14)  8(9.92, 20.45)  9(9.45, 19.76)  10(8.99, 19.07)  11(8.52, 18.38)  12(8.06, 17.69)  13(7.6, 17)  14(7.13, 16.31)  15(6.67, 15.62)  16(6.2, 14.93)  17(5.74, 14.24)  18(5.27, 13.55)  19(4.81, 12.86)  20(4.34, 12.17)  21(3.88, 11.48)  22(3.41, 10.79)  23(2.95, 10.09)  24(2.48, 9.4)  25(2.02, 8.71)  26(2.4, 8.94)  27(3.14, 9.56)  28(3.88, 10.18)  29(4.61, 10.79)  30(5.35, 11.41)  trace no: 14
1(13, 2.73)  2(12.11, 3.24)  3(11.21, 3.74)  4(10.32, 4.24)  5(9.42, 4.74)  6(8.53, 5.25)  7(7.64, 5.75)  8(6.74, 6.25)  9(5.85, 6.75)  10(4.95, 7.26)  11(4.06, 7.76)  12(3.16, 8.26)  13(2.27, 8.76)  14(2.1, 9.72)  15(2.6, 11.1)  16(3.1, 12.49)  17(3.6, 13.87)  18(4.1, 15.25)  19(4.6, 16.63)  20(5.1, 18.01)  21(5.6, 19.4)  22(6.13, 19.45)  23(6.66, 19.27)  24(7.2, 19.09)  25(7.73, 18.9)  26(8.26, 18.72)  27(8.7, 18.3)  28(8.87, 17.28)  29(9.04, 16.26)  30(9.22, 15.24)  trace no: 15
1(16.24, 20.37)  2(16.09, 18.3)  3(15.94, 16.24)  4(15.78, 14.18)  5(15.63, 12.11)  6(15.47, 10.05)  7(15.32, 7.99)  8(13.56, 8.75)  9(11.69, 9.71)  10(9.82, 10.67)  11(9.52, 10.33)  12(10.63, 8.83)  13(11.73, 7.34)  14(12.84, 5.84)  15(13.94, 4.35)  16(15.05, 2.85)  17(15.57, 1.98)  18(14.82, 2.47)  19(14.07, 2.95)  20(13.33, 3.44)  21(12.58, 3.93)  22(11.84, 4.41)  23(11.09, 4.9)  24(10.34, 5.38)  25(9.6, 5.87)  26(8.85, 6.35)  27(8.11, 6.84)  28(7.36, 7.32)  29(6.61, 7.81)  30(5.87, 8.29)  trace no: 16
1(0.84, 11.19)  2(0.89, 11.82)  3(0.93, 12.46)  4(0.98, 13.09)  5(1.03, 13.73)  6(1.07, 14.36)  7(1.12, 15)  8(1.16, 15.63)  9(1.21, 16.27)  10(1.26, 16.9)  11(1.3, 17.54)  12(1.35, 18.17)  13(1.39, 18.81)  14(1.44, 19.44)  15(1.49, 20.07)  16(1.53, 20.71)  17(1.58, 21.34)  18(1.62, 21.98)  19(1.67, 22.61)  20(1.71, 22.84)  21(1.73, 22.34)  22(1.75, 21.85)  23(1.77, 21.35)  24(1.79, 20.85)  25(1.81, 20.36)  26(1.84, 19.86)  27(1.86, 19.36)  28(1.88, 18.87)  29(1.9, 18.37)  30(1.92, 17.87)  trace no: 17
1(5.41, 15.12)  2(5.58, 13.08)  3(5.76, 11.03)  4(5.94, 8.99)  5(6.12, 6.94)  6(6.3, 4.9)  7(5.83, 3.89)  8(4.75, 3.87)  9(3.67, 3.85)  10(2.58, 3.83)  11(2.33, 4.18)  12(3.55, 5.19)  13(4.77, 6.21)  14(5.99, 7.23)  15(7.21, 8.25)  16(8.43, 9.27)  17(9.65, 10.29)  18(10.87, 11.31)  19(12.09, 12.33)  20(13.31, 13.35)  21(14.19, 13.97)  22(14.51, 13.92)  23(14.83, 13.88)  24(15.15, 13.83)  25(14.99, 13.96)  26(13.74, 14.49)  27(12.68, 13.91)  28(11.69, 12.98)  29(10.7, 12.05)  30(9.71, 11.12)  trace no: 18
1(3.82, 13.92)  2(5.02, 15.52)  3(5.8, 14.64)  4(6.58, 13.76)  5(7.36, 12.87)  6(8.14, 11.99)  7(8.92, 11.11)  8(9.7, 10.23)  9(10.48, 9.35)  10(11.26, 8.46)  11(12.04, 7.58)  12(12.83, 6.7)  13(13.61, 5.82)  14(14.4, 5.3)  15(13.56, 5.58)  16(11.66, 4.64)  17(10.29, 4.2)  18(10.35, 5.05)  19(10.41, 5.9)  20(10.46, 6.76)  21(10.52, 7.61)  22(10.58, 8.46)  23(10.63, 9.31)  24(10.69, 10.16)  25(10.75, 11.01)  26(10.8, 11.86)  27(10.86, 12.71)  28(10.42, 12.77)  29(9.54, 12.12)  30(8.66, 11.48)  